35,98
35,97
35,96
35,95
35,94
35,93
35,92
35,85
35,84
35,83
35,82
35,81
35,80
35,79
35,78
35,77
35,76
35,75
35,74
35,73
35,72
35,71
35,70
35,69
35,68
35,67
35,66
35,65
35,64
35,35
35,16
3,1
3,3
10,173
10,127
10,207
10,89
10,131
10,145
10,269
10,267
10,2
11,21
11,17
11,7
11,25
11,5
11,23
11,9
9,5
9,1
9,7
8,11
8,8
8,4
8,18
8,7
8,6
20,2
20,1
20,3
36,3
36,2
36,1
35,117
35,116
35,115
35,114
35,113
35,112
35,111
35,110
35,109
35,108
35,107
35,106
35,105
35,104
35,103
35,102
35,101
35,100
35,99
35,91
35,90
35,89
35,88
35,87
35,86
35,34
35,33
35,32
35,31
